Forward kinematics tests
space transformation one:
angle:        -180 -2.0568e-07          90
Pos:  0.4567  0.2236 0.06645


Body transformation one:
angle:        -180 -2.0568e-07          90
Pos:  0.4567  0.2236 0.06645


space transformation two:
angle:   0  90 -90
Pos: 0.54205  0.2236  0.1518


Body transformation two:
angle:   0  90 -90
Pos: 0.54205  0.2236  0.1518


space transformation three:
angle: -1.0284e-07  4.1136e-07         -90
Pos:  0.0303  0.2236 0.23715


Body transformation three:
angle: -1.0284e-07  4.1136e-07         -90
Pos:  0.0303  0.2236 0.23715


space transformation four:
angle:   0  90 -90
Pos: 0.32885  0.2236   0.365


Body transformation four:
angle:   0  90 -90
Pos: 0.32885  0.2236   0.365


space transformation five:
angle: -170.42 56.3203 83.2414
Pos: 0.201039 0.499807 0.193495


Body transformation five:
angle: -170.42 56.3203 83.2414
Pos: 0.201039 0.499807 0.193495


Root finding tests
NR root f, x0=-20 -> it=14 x=2 f(x)=-3.5e-07
GD root f, x0=-20 -> it=155 x=2 f(x)=8.13824e-07

Jacobian matrix tests
Jb:
 3.58979e-09  -1.7949e-09  -1.7949e-09  -1.7949e-09 -3.58979e-09  -1.7949e-09
           1  3.22165e-18  3.22165e-18  3.22165e-18           -1  3.22165e-18
 3.22165e-18            1            1            1 -3.22165e-18            1
      0.2236      0.08535      0.08535      0.08535      -0.0921  -3.8274e-19
-8.02678e-10      -0.4567      -0.2132 -3.06389e-10   3.3062e-10            0
      0.4567  1.53194e-10  1.53194e-10  1.53194e-10  -1.6531e-10  1.95975e-26
Ad_tbs*Js:
 3.58979e-09  -1.7949e-09  -1.7949e-09  -1.7949e-09 -3.58979e-09  -1.7949e-09
           1  3.22165e-18  3.22165e-18  3.22165e-18           -1  3.22165e-18
 3.22165e-18            1            1            1 -3.22165e-18            1
      0.2236      0.08535      0.08535      0.08535      -0.0921  -3.8274e-19
-8.02678e-10      -0.4567      -0.2132 -3.06389e-10   3.3062e-10            0
      0.4567  1.53194e-10  1.53194e-10  1.53194e-10  -1.6531e-10  1.95975e-26

Js:
       0        0        0        0        0        0
       0        1        1        1        0        1
       1        0        0        0       -1        0
       0  -0.1518  -0.1518  -0.1518  -0.1315 -0.06645
       0        0        0        0   0.4567        0
       0        0   0.2435   0.4567        0   0.4567
Ad_tsb*Jb:
-5.78254e-27            0            0            0  5.78254e-27            0
           0            1            1            1            0            1
           1            0            0            0           -1            0
-3.41044e-18      -0.1518      -0.1518      -0.1518      -0.1315     -0.06645
           0 -2.58494e-26 -2.58494e-26            0       0.4567 -5.56495e-27
-4.95896e-27   4.9354e-28       0.2435       0.4567  5.11662e-26       0.4567

d Jb:
0 0 0 0 0 0
0 0 0 0 0 0
0 0 0 0 0 0
0 0 0 0 0 0
0 0 0 0 0 0
0 0 0 0 0 0

d Js:
 5.78254e-27            0            0            0 -5.78254e-27            0
           0            0            0            0            0            0
           0            0            0            0            0            0
 3.41044e-18            0  2.77556e-17            0            0            0
           0  2.58494e-26  2.58494e-26            0            0  5.56495e-27
 4.95896e-27  -4.9354e-28            0            0 -5.11662e-26            0

Jb:
   -0.832151     0.321394     0.321394     0.321394     0.766044  -1.7949e-09
    0.550696     0.383022     0.383022     0.383022    -0.642788  3.22165e-18
   0.0652631     0.866025     0.866025     0.866025  1.37497e-09            1
    0.254747     0.393549     0.240777    0.0827882   -0.0592007  -3.8274e-19
    0.346495    -0.303832    -0.116059     0.027022   -0.0705527            0
    0.324452   -0.0116736   -0.0380252    -0.042675 -1.06259e-10  1.95975e-26
Ad_tbs*Js:
   -0.832151     0.321394     0.321394     0.321394     0.766044  -1.7949e-09
    0.550696     0.383022     0.383022     0.383022    -0.642788  2.77556e-17
   0.0652631     0.866025     0.866025     0.866025  1.37497e-09            1
    0.254747     0.393549     0.240777    0.0827882   -0.0592007 -1.66533e-16
    0.346495    -0.303832    -0.116059     0.027022   -0.0705527  1.38778e-16
    0.324452   -0.0116736   -0.0380252    -0.042675 -1.06259e-10            0

Js:
         0  -0.707107  -0.707107  -0.707107   0.092296  -0.261844
         0   0.707107   0.707107   0.707107   0.092296   0.962901
         1          0          0          0  -0.991445  0.0652631
         0  -0.107339  -0.166228  -0.192406   -0.42491  -0.153697
         0  -0.107339  -0.166228  -0.192406   0.240532 -0.0637858
         0          0   0.228815   0.438776 -0.0171642   0.324452
Ad_tsb*Jb:
-1.66533e-16    -0.707107    -0.707107    -0.707107     0.092296    -0.261844
-4.16334e-17     0.707107     0.707107     0.707107     0.092296     0.962901
           1  1.38778e-17 -3.46945e-17 -4.16334e-17    -0.991445    0.0652631
-4.16334e-17    -0.107339    -0.166228    -0.192406     -0.42491    -0.153697
-1.11022e-16    -0.107339    -0.166228    -0.192406     0.240532   -0.0637858
 1.38778e-17  2.36139e-16     0.228815     0.438776   -0.0171642     0.324452

d Jb:
-2.22045e-16  1.11022e-16  1.66533e-16  1.66533e-16 -1.11022e-16   4.9792e-17
 3.33067e-16  1.11022e-16  1.11022e-16  1.11022e-16 -1.11022e-16 -2.45339e-17
 2.77556e-17  2.22045e-16  3.33067e-16  2.22045e-16  1.68774e-17  1.11022e-16
 5.55112e-17  2.22045e-16  1.66533e-16  1.52656e-16  1.59595e-16  1.66151e-16
 1.11022e-16 -1.11022e-16  1.38778e-17 -2.42861e-17    1.249e-16 -1.38778e-16
           0 -1.21431e-17  1.38778e-17  1.38778e-17  1.11457e-16  1.95975e-26

d Js:
 1.66533e-16  2.22045e-16  2.22045e-16  2.22045e-16  1.38778e-17            0
 4.16334e-17 -1.11022e-16 -2.22045e-16 -1.11022e-16            0 -1.11022e-16
-2.22045e-16 -1.38778e-17  3.46945e-17  4.16334e-17 -2.22045e-16  4.16334e-17
 4.16334e-17  4.16334e-17  1.11022e-16  8.32667e-17 -5.55112e-17  2.77556e-17
 1.11022e-16  4.16334e-17  5.55112e-17  5.55112e-17            0  1.38778e-17
-1.38778e-17 -2.36139e-16 -3.33067e-16 -2.22045e-16 -2.42861e-17 -5.55112e-17

Test from pose
 IK pose
angle: 0.0588933   1.74958  -1.62055
Pos: 0.333275 0.226695  0.36573


Desired pose
angle:       0  1.5708 -1.5708
Pos:  0.3289 0.22315 0.36505


Converged after 181 iterations
J_0: 0 0 0 0 0 0
J_ik:  14.9121  18.9597 -92.2159 -14.6374   88.882 -104.849

Test from pose
 IK pose
angle: 0.0085152   1.64363  -1.60256
Pos: 0.325876 0.219889 0.364974


Desired pose
angle:       0  1.5708 -1.5708
Pos:  0.3289 0.22315 0.36505


Converged after 207 iterations
J_0:   0   0 -89   0   0   0
J_ik:  14.1814  19.8269 -95.6377 -12.2033  88.8486  -104.17

Test from configuration
 IK pose
angle: -170.393  56.2718  83.2656
Pos: 0.201759 0.501075 0.193083


Desired pose
angle: -170.42 56.3203 83.2414
Pos: 0.201039 0.499807 0.193495


Converged after 118 iterations
J_0: 0 0 0 0 0 0
J_d:  45 -20  10 2.5  30 -50
J_ik:  45.0487 -13.2075 -4.33951  10.0743  30.0438 -49.9769

Test from configuration
 IK pose
angle: -170.437  56.0046   83.198
Pos:   0.1995    0.494 0.188467


Desired pose
angle: -170.42 56.3203 83.2414
Pos: 0.201039 0.499807 0.193495


Converged after 173 iterations
J_0:  50 -30  20   0 -30  50
J_d:  45 -20  10 2.5  30 -50
J_ik:  44.6116 -25.6951  23.1218 -5.12586  29.6235 -49.4894
